Date	          rtn	        vwretd  	ewretd  	sprtrn
19700102	0.000686	0.012137	0.033450	0.010211
19700105	0.009596	0.006375	0.018947	0.004946
19700106	0.000679	-0.007233	-0.005776	-0.006848
19700107	0.000678	-0.001272	0.003559	-0.002047
19700108	0.002034	0.000564	0.002890	0.000540
19700109	-0.001353	-0.002797	-0.002923	-0.003021
19700112	-0.003388	-0.007766	-0.009646	-0.007576
19700113	0.017335	0.000737	-0.001090	0.000981
19700114	-0.001002	-0.002005	-0.005280	-0.001525
19700115	0.020736	0.000586	-0.002182	0.000327
19700116	-0.030799	-0.007462	-0.006902	-0.008290
19700119	-0.053414	-0.013079	-0.009019	-0.013968
19700120	0.018571	0.001938	0.002439	0.002008
19700121	-0.004208	0.001017	0.002280	0.000891
19700122	0.002817	0.001430	0.001346	0.000445
19700123	0.000000	-0.010282	-0.011356	-0.009783
19700126	-0.021067	-0.011105	-0.014005	-0.010104
19700127	-0.009326	-0.006204	-0.005235	-0.006238
19700128	-0.012310	-0.009347	-0.007265	-0.009473
19700129	-0.007331	-0.012877	-0.013797	-0.012674
19700130	-0.009601	-0.008310	-0.007640	-0.007819
19700202	0.023117	0.008193	0.006498	0.008586
19700203	0.000729	0.012877	0.012573	0.011895
19700204	-0.013838	-0.007084	-0.009095	-0.006108
19700205	0.004284	-0.003650	-0.006584	-0.003942
19700206	0.017712	0.006175	0.005922	0.005006
19700209	0.014503	0.008327	0.005477	0.007877
19700210	-0.010722	-0.009082	-0.007938	-0.010459
19700211	0.026012	0.009372	0.005778	0.009756
19700212	-0.008451	-0.001901	0.000137	-0.002415
19700213	-0.008523	-0.001460	-0.001137	-0.002191
19700216	0.000716	-0.000426	0.000294	-0.000809
19700217	0.001432	-0.001850	-0.003199	-0.001156
19700218	0.004289	0.012109	0.009625	0.012389
19700219	0.002135	0.003125	0.002346	0.003660
19700220	-0.007102	0.003433	0.001513	0.003077
19700224	-0.014306	0.000125	0.000196	-0.000454
19700225	0.001451	0.015230	0.013499	0.015456
19700226	-0.002174	-0.004799	-0.003100	-0.005036
19700227	-0.011619	0.007382	0.008801	0.006749
19700302	-0.013960	0.001419	0.002714	0.002346
19700303	-0.006706	0.005898	0.002623	0.005796
19700304	-0.010503	-0.002036	-0.000958	-0.002106
19700305	-0.001516	0.000019	0.002165	-0.000444
19700306	-0.012149	-0.006687	-0.004751	-0.006222
19700309	-0.026134	-0.010391	-0.009634	-0.010398
19700310	0.030781	0.001629	-0.001380	0.002712
19700311	0.006126	-0.000948	-0.000696	-0.000676
19700312	0.000761	-0.004613	-0.006208	-0.004059
19700313	-0.013688	-0.006061	-0.007301	-0.005321
19700316	-0.013107	-0.011047	-0.012801	-0.010813
19700317	0.007813	0.003957	0.000727	0.004372
19700318	-0.000775	0.002744	0.002006	0.002864
19700319	0.000388	-0.002558	-0.004949	-0.001371
19700320	-0.008143	-0.004938	-0.008806	-0.004118
19700323	0.007037	-0.001172	-0.003989	-0.000804
19700324	0.018634	0.010165	0.005381	0.011381
19700325	0.015244	0.021530	0.024809	0.020346
19700326	0.000751	0.001617	0.003012	0.001671
19700330	0.010503	-0.002582	-0.002191	-0.003225
19700331	0.005197	-0.000239	-0.001356	0.000000
19700401	-0.002216	0.004733	0.002991	0.004909
19700402	-0.017024	-0.003671	-0.002502	-0.003109
19700403	-0.016566	-0.004513	-0.003880	-0.004455
19700406	-0.018377	-0.007911	-0.008729	-0.007048
19700407	-0.001560	-0.003404	-0.004863	-0.002704
19700408	0.012500	-0.001822	-0.004686	-0.000339
19700409	0.005401	-0.000869	-0.004892	0.000452
19700410	0.017652	-0.004459	-0.008240	-0.003276
19700413	-0.013575	-0.008718	-0.014290	-0.006800
19700414	-0.006881	-0.008662	-0.014364	-0.008558
19700415	-0.004619	-0.002815	-0.004575	-0.001841
19700416	-0.007734	-0.010950	-0.014342	-0.009801
19700417	0.005456	-0.003290	-0.005836	-0.002445
19700420	0.006202	0.002344	0.000168	0.001868
19700421	-0.010786	-0.005541	-0.007202	-0.005243
19700422	-0.024922	-0.014712	-0.019751	-0.013001
19700423	-0.010783	-0.016257	-0.023221	-0.014596
19700424	-0.002019	-0.004807	-0.010154	-0.003251
19700427	-0.024272	-0.018022	-0.027247	-0.015827
19700428	-0.037313	-0.014461	-0.019120	-0.014608
19700429	0.034453	0.020805	0.021486	0.019185
19700430	-0.007494	-0.003427	0.000726	-0.003545
19700501	-0.000168	-0.001107	-0.001424	-0.000981
19700504	-0.046335	-0.025519	-0.026085	-0.025417
19700505	0.000000	-0.010950	-0.016230	-0.009701
19700506	0.015901	0.012167	0.017478	0.011069
19700507	0.007826	0.006315	0.008464	0.004530
19700508	0.002588	-0.005080	-0.004119	-0.004885
19700511	-0.017212	-0.010749	-0.010971	-0.010574
19700512	-0.010508	-0.008986	-0.009895	-0.009542
19700513	-0.026549	-0.017407	-0.019866	-0.016956
19700514	-0.023636	-0.015238	-0.023393	-0.014243
19700515	0.008380	0.018803	0.016043	0.019353
19700518	-0.002770	0.001300	0.003705	0.000780
19700519	-0.042593	-0.019802	-0.018569	-0.019491
19700520	-0.030948	-0.026236	-0.030742	-0.025709
19700521	-0.019960	-0.020073	-0.029558	-0.018498
19700522	0.010183	-0.000755	-0.006294	0.001247
19700525	-0.028226	-0.032155	-0.046682	-0.027682
19700526	0.004149	-0.013323	-0.018713	-0.013665
19700527	0.070248	0.052971	0.069507	0.050224
19700528	0.030888	0.026665	0.041141	0.025285
19700529	0.041199	0.027087	0.030902	0.026002
19700601	0.032374	0.019024	0.027639	0.016852
19700602	-0.013937	0.001177	0.007355	0.000000
19700603	0.000000	0.011290	0.022258	0.008736
19700604	-0.041519	-0.014946	-0.014612	-0.014773
19700605	-0.004608	-0.016787	-0.022576	-0.015383
19700608	-0.013889	0.001480	0.001613	0.001575
19700609	0.007512	0.000311	-0.000624	-0.000524
19700610	-0.010252	-0.009940	-0.009283	-0.010098
19700611	-0.023540	-0.014009	-0.015629	-0.013646
19700612	-0.000964	-0.003877	-0.007612	-0.003224
19700615	0.000000	0.002989	0.002708	0.002291
19700616	0.046332	0.022879	0.018560	0.023797
19700617	-0.019373	-0.002092	-0.002651	-0.001970
19700618	0.023518	0.006074	0.000994	0.006711
19700619	-0.006434	0.006925	0.005893	0.007058
19700622	-0.006475	-0.006442	-0.009621	-0.005321
19700623	-0.042365	-0.024444	-0.022966	-0.024530
19700624	-0.008264	-0.011363	-0.018204	-0.010567
19700625	0.011765	-0.000475	-0.004964	0.000676
19700626	-0.001938	-0.007703	-0.009995	-0.007430
19700629	0.000000	-0.008364	-0.010476	-0.007894
19700630	-0.029126	-0.002823	-0.007143	-0.002332
19700701	0.016000	0.003226	-0.001281	0.004400
19700702	-0.012795	-0.002009	-0.005019	-0.001643
19700706	-0.024925	-0.015521	-0.017648	-0.015634
19700707	-0.008180	-0.008552	-0.012070	-0.007662
19700708	0.041237	0.023685	0.014826	0.024849
19700709	0.006931	0.016037	0.017440	0.014521
19700710	-0.015733	0.006852	0.007121	0.006886
19700713	-0.009990	-0.000385	0.002953	-0.001207
19700714	0.014127	-0.001250	-0.003899	-0.000806
19700715	0.002985	0.010221	0.006771	0.010884
19700716	0.007937	0.013513	0.011127	0.014755
19700717	0.021654	0.016899	0.016871	0.017684
19700720	-0.005780	0.001632	0.005690	0.000386
19700721	-0.000969	-0.009735	-0.008975	-0.009521
19700722	-0.014549	0.001529	0.004624	0.000650
19700723	0.011811	0.012200	0.007404	0.012593
19700724	-0.012646	-0.001970	0.001645	-0.002308
19700727	-0.001970	-0.001621	0.001135	-0.002185
19700728	-0.001974	0.002954	0.004689	0.001545
19700729	-0.000989	0.004010	0.005648	0.003472
19700730	0.003960	0.000734	0.002174	0.000384
19700731	-0.000197	-0.000256	0.001584	-0.000256
19700803	-0.011893	-0.011819	-0.008653	-0.013197
19700804	0.004012	0.002112	-0.000417	0.002207
19700805	-0.001998	-0.000491	-0.000222	-0.000130
19700806	-0.005005	-0.001694	-0.004488	-0.001296
19700807	-0.012072	0.003037	0.002899	0.002595
19700810	-0.020367	-0.013927	-0.012697	-0.013975
19700811	-0.009356	-0.005434	-0.007310	-0.004987
19700812	-0.032004	-0.004501	-0.003420	-0.005276
19700813	-0.033062	-0.008659	-0.006940	-0.008751
19700814	0.030830	0.004214	0.000990	0.005618
19700817	0.023382	0.001740	-0.001913	0.001995
19700818	0.019129	0.010721	0.006791	0.011549
19700819	0.000000	0.009411	0.005146	0.009974
19700820	0.020855	0.007566	0.001663	0.008836
19700821	0.018386	0.020879	0.017649	0.020608
19700824	0.054162	0.023670	0.026813	0.022085
19700825	0.004757	0.003943	0.010551	0.001605
19700826	-0.000947	0.003281	0.014907	0.001109
19700827	0.005687	-0.000936	0.004590	-0.001601
19700828	0.022620	0.010095	0.015838	0.009620
19700831	-0.018433	-0.003267	0.004026	-0.004153
19700901	-0.008920	-0.006034	-0.004734	-0.006992
19700902	0.000474	0.000110	0.001845	0.000124
19700903	0.021780	0.014842	0.016070	0.013958
19700904	0.008341	0.010800	0.016839	0.009014
19700908	0.011029	0.003839	0.007609	0.002535
19700909	-0.007273	-0.002586	0.000468	-0.003011
19700910	-0.017399	-0.005566	-0.001588	-0.005919
19700911	0.001864	0.003723	0.012295	0.002673
19700914	-0.010233	-0.004785	-0.002325	-0.005453
19700915	0.001410	-0.009554	-0.011910	-0.008651
19700916	0.017363	0.005965	0.008350	0.005285
19700917	0.020295	0.008381	0.013132	0.006113
19700918	0.013562	0.004582	0.010300	0.004010
19700921	-0.016949	-0.008004	-0.006680	-0.008594
19700922	-0.008167	-0.003281	-0.004190	-0.003052
19700923	0.028362	0.013467	0.014799	0.014328
19700924	0.026690	0.014618	0.024828	0.013039
19700925	0.000000	0.001850	0.007932	0.000715
19700928	0.005199	-0.000453	0.005713	-0.001310
19700929	0.006034	0.006009	0.012766	0.005247
19700930	0.000000	-0.000781	0.003542	-0.001068
19701001	0.017995	0.001389	0.000404	0.001306
19701002	0.007576	0.010870	0.012487	0.009962
19701005	0.025063	0.014690	0.012562	0.015383
19701006	0.001222	0.002339	-0.002236	0.004395
19701007	-0.004477	-0.000106	0.000951	0.000461
19701008	-0.024530	-0.011245	-0.011869	-0.010818
19701009	-0.007125	-0.009313	-0.007703	-0.010122
19701012	-0.019840	-0.009741	-0.008899	-0.010696
19701013	0.006029	-0.002146	-0.003112	-0.001307
19701014	-0.001712	0.001531	-0.000761	0.001547
19701015	0.005146	0.004294	0.001812	0.005464
19701016	-0.007679	-0.005698	-0.010067	-0.004371
19701019	-0.021496	-0.013716	-0.017208	-0.013408
19701020	0.023286	0.005594	-0.000309	0.005893
19701021	-0.007729	-0.000530	-0.002146	0.000239
19701022	-0.003029	-0.004130	-0.006066	-0.003347
19701023	0.024306	0.004982	0.003292	0.004677
19701026	-0.017797	-0.005041	-0.004173	-0.005491
19701027	0.004314	-0.002732	-0.005484	-0.002281
19701028	0.018900	0.003058	-0.002069	0.003730
19701029	0.006745	-0.001735	-0.004752	-0.000839
19701030	-0.011055	-0.000603	-0.003001	-0.001320
19701102	0.019558	0.003598	0.000414	0.003123
19701103	-0.012093	0.008719	0.009791	0.008502
19701104	0.000422	0.002214	0.000248	0.002019
19701105	-0.012236	-0.001649	-0.004065	-0.003436
19701106	0.004699	0.001097	-0.001306	0.001427
19701109	0.011905	0.005170	0.003134	0.005343
19701110	0.005042	0.001617	0.000546	0.001417
19701111	-0.005853	0.003074	0.003602	0.002831
19701112	-0.000421	-0.011068	-0.015766	-0.010349
19701113	-0.013462	-0.009395	-0.011341	-0.009269
19701116	0.000426	-0.001385	-0.005697	-0.001559
19701117	-0.001279	0.000824	-0.001494	0.001201
19701118	-0.008109	-0.007519	-0.013189	-0.006599
19701119	0.001721	0.001180	-0.003284	0.001449
19701120	0.018900	0.009683	0.006157	0.009770
19701123	0.008432	0.006372	0.003161	0.006211
19701124	0.003344	0.006127	0.002591	0.006410
19701125	-0.003333	0.004692	0.003508	0.003657
19701127	0.031773	0.010012	0.008334	0.009872
19701130	-0.004052	0.016698	0.021276	0.014779
19701201	0.002441	0.003059	0.004642	0.003096
19701202	0.019481	0.012166	0.009477	0.011547
19701203	-0.007962	0.004659	0.005459	0.004747
19701204	0.000803	0.005921	0.005050	0.006299
19701207	0.013633	0.005818	0.005361	0.005366
19701208	0.000791	-0.004887	-0.006604	-0.005226
19701209	0.003162	0.000366	-0.001864	0.000782
19701210	0.000788	0.003534	0.002139	0.004244
19701211	-0.001575	0.003886	0.005151	0.003781
19701214	-0.019716	-0.005731	-0.008534	-0.005096
19701215	0.000805	-0.001457	-0.003906	-0.001559
19701216	0.006431	0.001227	0.000192	0.000669
19701217	0.000000	0.003224	0.003719	0.003567
19701218	0.007987	0.002381	0.004086	0.001999
19701221	0.005547	-0.002625	-0.000853	-0.003104
19701222	-0.003940	0.001325	0.002923	0.001112
19701223	-0.011076	0.001690	0.006430	0.000666
19701224	0.008000	0.006854	0.017141	0.005660
19701228	0.011111	0.005500	0.007854	0.005297
19701229	0.005495	0.011284	0.016436	0.010868
19701230	-0.002342	0.001899	0.004412	0.002063
19701231	-0.005477	-0.000804	0.004212	-0.001301
19710104	-0.014949	-0.009419	-0.000806	-0.010852
19710105	0.010383	0.008244	0.014740	0.007131
19710106	0.005534	0.007569	0.016916	0.005991
19710107	-0.005503	0.000709	0.004910	0.000325
19710108	-0.005534	-0.001082	0.000702	-0.002057
19710111	-0.006359	-0.000889	0.002636	-0.002278
19710112	0.010400	0.009861	0.015393	0.008045
19710113	-0.000396	-0.000679	0.003914	-0.001726
19710114	-0.003564	0.003109	0.004841	0.002593
19710115	-0.014308	0.003152	0.008760	0.002478
19710118	0.005645	0.003571	0.008259	0.004085
19710119	0.003208	0.003151	0.003736	0.003747
19710120	0.006395	0.000952	0.004283	0.000213
19710121	0.002383	0.004824	0.007796	0.004372
19710122	0.003170	0.006725	0.007492	0.007326
19710125	0.016588	0.004765	0.009178	0.004216
19710126	0.013209	0.002928	0.006277	0.003254
19710127	-0.010736	-0.007022	-0.006868	-0.007323
19710128	-0.015504	0.003853	0.008716	0.003372
19710129	0.025197	0.006744	0.010034	0.007037
19710201	0.005376	0.006799	0.015069	0.005632
19710202	0.001528	0.000694	0.003130	0.000104
19710203	0.002670	0.003095	0.010151	0.002074
19710204	0.005706	0.001727	0.004524	-0.000103
19710205	0.022088	0.004561	0.007469	0.003208
19710208	0.012630	0.006017	0.013301	0.005365
19710209	-0.006603	-0.000209	0.000097	0.000616
19710210	-0.003693	-0.000792	-0.002075	-0.001231
19710211	0.004448	0.005158	0.008117	0.005339
19710212	0.002214	0.005964	0.010157	0.005311
19710216	0.006259	0.002556	0.005792	0.002337
19710217	-0.015002	-0.004444	-0.003933	-0.004662
19710218	-0.021545	-0.006688	-0.007984	-0.006517
19710219	-0.003037	-0.009063	-0.014160	-0.008405
19710222	0.006855	-0.010391	-0.016747	-0.010544
19710223	0.014372	0.005327	0.008256	0.003865
19710224	0.008949	0.007343	0.012611	0.006660
19710225	-0.012565	0.001649	0.001634	0.001964
19710226	0.007485	-0.002286	-0.005022	-0.001754
19710301	0.007429	0.003142	0.003737	0.002584
19710302	-0.002950	0.000543	0.002969	-0.000206
19710303	-0.002219	0.000277	0.001757	-0.000309
19710304	0.010378	0.010583	0.012430	0.010005
19710305	0.013940	0.010727	0.013483	0.010621
19710308	0.008683	0.004856	0.009712	0.004244
19710309	0.001435	0.001664	0.003931	0.000805
19710310	-0.000716	-0.001047	-0.000332	-0.001609
19710311	-0.002867	-0.000092	-0.001543	0.000906
19710312	0.017973	0.001690	0.000363	0.001811
19710315	0.026836	0.011371	0.012074	0.011449
19710316	-0.002751	0.004799	0.003230	0.004965
19710317	0.002759	0.000264	-0.000448	-0.000889
19710318	-0.006878	0.001216	0.003423	0.000692
19710319	-0.001039	-0.001629	-0.002415	-0.001779
19710322	-0.005893	-0.003795	-0.005072	-0.003861
19710323	-0.007671	-0.003109	-0.002516	-0.003379
19710324	-0.002108	-0.005728	-0.005690	-0.006582
19710325	0.002817	0.000277	-0.000514	-0.000100
19710326	0.005618	0.003929	0.005692	0.003413
19710329	-0.004190	0.000963	0.000264	0.000800
19710330	0.001403	0.002185	0.000362	0.002299
19710331	0.001401	0.001241	0.003332	0.000499
19710401	-0.004196	0.000741	0.000362	0.000798
19710402	0.005618	0.002131	0.003249	0.001693
19710405	0.007682	0.001898	0.001359	0.002287
19710406	0.001040	0.005980	0.004054	0.007144
19710407	-0.000346	0.004345	0.004849	0.004630
19710408	-0.011773	0.001526	0.002058	0.001177
19710412	0.000701	0.006853	0.003512	0.007640
19710413	0.002801	0.000549	0.000287	0.000972
19710414	0.002095	0.003648	0.004252	0.003787
19710415	-0.006969	0.001503	0.001136	0.001451
19710416	-0.011930	0.000113	0.001481	-0.000290
19710419	0.005682	0.004077	0.002709	0.005025
19710420	0.005650	-0.004705	-0.007393	-0.003846
19710421	-0.008427	-0.002433	-0.001718	-0.002413
19710422	-0.002833	0.002576	0.002792	0.001935
19710423	0.008523	0.004991	0.005526	0.004732
19710426	0.002817	0.000125	0.002743	-0.001057
19710427	0.005618	0.004420	0.004226	0.004329
19710428	0.009078	0.003288	0.003618	0.003640
19710429	0.002076	-0.002336	-0.004469	-0.001336
19710430	-0.011740	-0.006378	-0.005779	-0.006499
19710503	-0.012579	-0.005664	-0.004622	-0.006349
19710504	0.000708	0.005786	0.006777	0.004841
19710505	-0.001414	-0.000205	-0.000904	-0.000096
19710506	-0.003541	-0.005595	-0.009236	-0.005300
19710507	-0.009808	-0.003123	-0.005059	-0.003487
19710510	-0.006484	-0.004755	-0.005856	-0.004958
19710511	-0.007252	0.003133	0.002519	0.002540
19710512	0.000730	0.002707	0.001046	0.002729
19710513	-0.006569	-0.001707	-0.001708	-0.002041
19710514	-0.013960	-0.004182	-0.002846	-0.004674
19710517	-0.004471	-0.015167	-0.016910	-0.014871
19710518	0.011976	0.000831	-0.001104	0.001390
19710519	0.011834	0.002422	0.001992	0.002380
19710520	0.017544	0.002608	0.002918	0.002375
19710521	-0.011494	-0.003283	-0.003313	-0.003159
19710524	-0.008721	-0.008015	-0.008079	-0.008516
19710525	-0.011730	-0.006222	-0.007604	-0.006591
19710526	0.000742	0.001593	0.000739	0.001206
19710527	-0.009637	-0.000991	-0.001401	-0.001908
19710528	-0.020958	0.002846	0.003554	0.002314
19710601	0.005352	0.006203	0.004126	0.005721
19710602	-0.006844	0.008374	0.008321	0.007585
19710603	-0.016080	0.002026	0.004972	0.000495
19710604	0.009339	0.002680	0.002174	0.002871
19710607	-0.020046	-0.001298	-0.000669	-0.001579
19710608	-0.016522	-0.007663	-0.007969	-0.008108
19710609	0.018400	-0.000440	-0.003669	-0.000299
19710610	0.010212	0.002965	0.001298	0.003490
19710611	0.009331	0.003488	0.000856	0.004273
19710614	-0.018105	-0.007830	-0.008359	-0.008410
19710615	0.009023	0.000235	-0.003529	0.000998
19710616	0.006221	0.001684	-0.000311	0.001994
19710617	-0.007728	-0.000197	-0.001551	-0.000199
19710618	-0.017134	-0.014834	-0.016541	-0.015224
19710621	-0.004754	-0.011770	-0.015118	-0.011114
19710622	0.002389	-0.002654	-0.004946	-0.002861
19710623	0.001589	0.008747	0.008772	0.008403
19710624	-0.007137	-0.001639	0.000279	-0.002439
19710625	-0.005591	-0.001923	-0.000784	-0.001834
19710628	0.001606	-0.002347	-0.002455	-0.002551
19710629	0.007217	0.011233	0.011133	0.011050
19710630	0.009554	0.009344	0.009761	0.008905
19710701	0.002366	0.001055	0.001298	0.000802
19710702	0.003934	0.000654	0.001419	0.000000
19710706	-0.007837	0.000870	0.002647	-0.000200
19710707	-0.015798	0.003733	0.005608	0.002807
19710708	-0.000803	0.003509	0.002148	0.002999
19710709	0.015261	0.003400	0.003873	0.003488
19710712	-0.003165	0.001173	0.000084	0.001291
19710713	-0.041270	-0.012598	-0.011464	-0.013093
19710714	-0.006623	-0.001580	-0.001177	-0.002814
19710715	-0.006667	0.000563	0.001346	0.000605
19710716	-0.011745	-0.001667	-0.001391	-0.001712
19710719	0.006791	-0.002099	-0.003692	-0.001816
19710720	0.008432	0.003868	0.001991	0.003942
19710721	0.009197	-0.000478	-0.001550	-0.000403
19710722	-0.007457	-0.002214	-0.003593	-0.001712
19710723	-0.005008	-0.001432	-0.001877	-0.001715
19710726	-0.004195	-0.003101	-0.004514	-0.002729
19710727	-0.013479	-0.009561	-0.011970	-0.009020
19710728	0.023057	-0.008094	-0.010140	-0.007261
19710729	-0.009182	-0.012548	-0.017755	-0.010817
19710730	-0.018534	-0.004472	-0.004941	-0.004582
19710802	0.008584	0.005307	0.009392	0.003976
19710803	-0.012766	-0.016479	-0.021523	-0.015110
19710804	-0.010345	-0.005796	-0.006181	-0.006560
19710805	0.000000	0.002913	0.001868	0.002130
19710806	-0.000697	0.002738	0.002920	0.001701
19710809	-0.005254	-0.007287	-0.008539	-0.007639
19710810	0.007042	0.000164	-0.003136	0.000107
19710811	0.018357	0.012304	0.011407	0.011973
19710812	0.018884	0.014357	0.015398	0.014156
19710813	-0.005897	-0.002764	-0.000970	-0.003229
19710816	0.064407	0.036012	0.046163	0.032083
19710817	0.005573	0.006490	0.009091	0.012454
19710818	-0.017419	-0.012930	-0.011323	-0.013901
19710819	-0.010475	-0.004441	-0.005312	-0.004462
19710820	0.006515	0.001845	0.001074	0.001732
19710823	0.018608	0.008987	0.004696	0.010272
19710824	0.011120	0.009503	0.005815	0.010670
19710825	-0.010998	0.001096	0.001598	0.000100
19710826	-0.002383	-0.001061	-0.000805	-0.001693
19710827	0.004777	0.002568	0.003119	0.002394
19710830	-0.017036	-0.008725	-0.005308	-0.009554
19710831	-0.019750	-0.004558	-0.003844	-0.004924
19710901	-0.008224	0.000579	0.002084	0.000404
19710902	-0.006633	0.002678	0.004195	0.002221
19710903	0.027546	0.013919	0.015192	0.014100
19710907	0.007311	0.005143	0.006934	0.004568
19710908	0.001613	0.002112	0.002376	0.001878
19710909	-0.013285	-0.004644	-0.002221	-0.005329
19710910	-0.003672	-0.003325	-0.002051	-0.003770
19710913	-0.017199	-0.003241	-0.003456	-0.003485
19710914	-0.000833	-0.007380	-0.007023	-0.007295
19710915	0.010842	0.003795	0.001283	0.004329
19710916	-0.006601	-0.001561	-0.001349	-0.001103
19710917	-0.000831	0.003084	0.003212	0.003010
19710920	0.010806	-0.003017	-0.004567	-0.002801
19710921	0.004934	-0.002989	-0.003059	-0.003411
19710922	0.007365	-0.008734	-0.010681	-0.008758
19710923	-0.008936	-0.000919	-0.002745	-0.000914
19710924	-0.000820	-0.001671	0.000963	-0.002338
19710927	-0.002871	-0.005621	-0.006669	-0.005400
19710928	0.001234	0.001900	0.000423	0.002663
19710929	-0.004930	0.000282	0.000841	0.000204
19710930	0.003303	0.004852	0.004129	0.004494
19711001	0.007407	0.006341	0.006921	0.006000
19711004	0.001634	0.002867	0.002406	0.002830
19711005	0.004078	-0.000973	-0.002474	-0.001008
19711006	0.004062	0.007406	0.007078	0.007164
19711007	-0.001618	0.002216	0.003861	0.002004
19711008	-0.012156	-0.005967	-0.004599	-0.006599
19711011	0.003281	-0.002056	-0.001300	-0.002013
19711012	0.030662	0.003256	0.002055	0.004135
19711013	-0.018643	-0.004932	-0.003557	-0.005423
19711014	-0.004850	-0.008992	-0.011232	-0.009088
19711015	0.003249	-0.003800	-0.003866	-0.003465
19711018	-0.008097	-0.004992	-0.005503	-0.004499
19711019	0.008980	-0.004064	-0.007368	-0.003595
19711020	-0.012945	-0.013566	-0.014871	-0.013918
19711021	-0.003279	0.000090	-0.000244	-0.000523
19711022	-0.007813	-0.000399	0.000296	-0.000941
19711025	0.001243	-0.004192	-0.005215	-0.004293
19711026	-0.009934	-0.005019	-0.009337	-0.003785
19711027	-0.006689	-0.010601	-0.015088	-0.010027
19711028	0.004209	0.001351	-0.000950	0.001813
19711029	0.007544	0.004897	0.006595	0.002874
19711101	-0.027038	-0.014762	-0.015553	-0.015176
19711102	0.010688	0.002890	-0.001650	0.004095
19711103	0.025381	0.017136	0.014245	0.018566
19711104	-0.009076	0.000420	0.001465	-0.001264
19711105	0.003497	-0.002720	-0.004662	-0.003481
19711108	-0.002500	-0.000827	-0.003259	-0.000741
19711109	-0.000835	0.000923	-0.000856	0.000742
19711110	-0.005853	-0.011057	-0.012682	-0.011116
19711111	-0.016821	-0.013561	-0.013843	-0.013810
19711112	0.006843	-0.000356	-0.000632	0.000000
19711115	0.000000	-0.003305	-0.002755	-0.003365
19711116	0.026338	0.009296	0.004833	0.009803
19711117	-0.003311	0.000964	-0.002303	0.001510
19711118	-0.020764	-0.007455	-0.009089	-0.007754
19711119	-0.004241	-0.005948	-0.009801	-0.005644
19711122	-0.005963	-0.009819	-0.015357	-0.008951
19711123	-0.004284	-0.007939	-0.015588	-0.006939
19711124	0.004303	0.001971	0.002665	0.001886
19711126	0.023993	0.018340	0.018796	0.017824
19711129	0.011715	0.018154	0.026232	0.015989
19711130	0.010753	0.007362	0.010974	0.006209
19711201	0.013912	0.017491	0.019860	0.016491
19711202	-0.000807	0.002983	0.002884	0.003140
19711203	0.037157	0.011949	0.013181	0.012730
19711206	-0.024143	-0.004330	0.000311	-0.005667
19711207	0.011971	0.004606	0.004134	0.003730
19711208	-0.011041	0.001619	0.003121	0.000516
19711209	0.012759	0.000268	0.001368	0.000413
19711210	0.022047	0.008216	0.012481	0.007529
19711213	-0.000770	0.003959	0.007121	0.002866
19711214	-0.013107	-0.003807	-0.005047	-0.003062
19711215	0.022266	0.008256	0.006761	0.008908
19711216	0.036301	0.011187	0.009636	0.012178
19711217	0.000000	0.005260	0.006911	0.005214
19711220	0.007375	0.012602	0.012793	0.012867
19711221	0.013177	0.002443	0.001057	0.002462
19711222	-0.013728	-0.005525	-0.002741	-0.006090
19711223	-0.015385	-0.004247	-0.002937	-0.004349
19711227	-0.007440	0.001687	-0.000829	0.002085
19711228	0.017241	0.009273	0.006284	0.009906
19711229	-0.006632	0.003196	0.006102	0.002550
19711230	-0.005935	-0.003339	-0.000125	-0.004207
19711231	0.004478	0.004205	0.014314	0.003046
19720103	-0.010401	-0.003310	0.006516	-0.004114
19720104	0.021021	0.004103	0.007974	0.004131
19720105	0.002941	0.009874	0.017218	0.009599
19720106	0.000000	0.004760	0.011361	0.004269
19720107	-0.006598	0.000322	0.005153	-0.000386
19720110	-0.002214	-0.000182	0.006470	-0.001450
19720111	0.008876	0.003931	0.010085	0.003194
19720112	0.003666	-0.000476	0.000030	-0.000579
19720113	-0.003652	-0.005819	-0.005570	-0.005792
19720114	0.026393	0.004211	0.007496	0.003884
19720117	-0.001429	0.003224	0.007672	0.002998
19720118	0.000000	0.004117	0.006456	0.003375
19720119	0.010730	-0.001374	-0.000952	-0.001634
19720120	0.029016	-0.000770	-0.002138	0.000000
19720121	0.013067	-0.001763	0.000144	-0.002214
19720124	-0.021045	-0.010601	-0.009526	-0.010420
19720125	0.015257	0.001493	0.000427	0.002047
19720126	0.007514	-0.001439	0.001509	-0.002724
19720127	-0.001356	0.010962	0.015789	0.009756
19720128	0.000000	0.007529	0.010760	0.006377
19720131	-0.000679	-0.000461	0.004290	-0.002112
19720201	0.002717	0.001664	0.004894	0.000673
19720202	0.012195	0.005942	0.009593	0.006442
19720203	0.002945	-0.000261	-0.001446	-0.000382
19720204	-0.009377	0.003635	0.004687	0.002102
19720207	-0.003381	-0.003196	-0.001086	-0.003052
19720208	0.010176	0.001535	0.000519	0.001913
19720209	0.004030	0.007150	0.006775	0.007733
19720210	-0.004682	0.000311	0.001121	0.000379
19720211	0.004704	-0.003936	-0.002303	-0.004830
19720214	-0.012709	-0.004062	-0.002274	-0.004663
19720215	0.002033	0.004653	0.005428	0.004207
19720216	-0.001014	0.005098	0.003805	0.005617
19720217	-0.004399	-0.000404	-0.000819	-0.000284
19720218	0.002719	-0.002262	-0.000429	-0.002936
19720222	-0.000678	0.000243	0.001097	0.000095
19720223	0.001357	0.001283	0.001401	0.000855
19720224	-0.011518	0.001951	0.003045	0.000664
19720225	0.021247	0.006507	0.006099	0.006923
19720228	-0.014765	0.001002	0.000130	0.000094
19720229	0.004087	0.004211	0.003452	0.003578
19720301	0.010855	0.008067	0.006923	0.007319
19720302	0.010067	0.000584	0.000690	-0.000279
19720303	0.003322	0.005905	0.006510	0.005777
19720306	0.006623	0.007638	0.006888	0.007689
19720307	0.009868	0.001057	-0.000322	0.000919
19720308	-0.004560	0.001975	0.004955	0.000827
19720309	0.002618	0.000317	0.003229	-0.000184
19720310	-0.012402	-0.005295	-0.003077	-0.005232
19720313	-0.013219	-0.009241	-0.008492	-0.009597
19720314	-0.004689	0.002894	0.002887	0.002609
19720315	0.004038	0.000854	-0.000926	0.001301
19720316	0.000000	-0.002567	-0.004658	-0.002320
19720317	0.010724	0.002796	0.000395	0.003907
19720320	-0.000332	-0.003589	-0.008169	-0.003058
19720321	-0.000995	-0.009267	-0.013596	-0.008365
19720322	0.003320	0.001573	0.001187	0.001406
19720323	0.011913	0.009609	0.010220	0.008517
19720324	0.001308	-0.001943	-0.001947	-0.002135
19720327	0.005879	-0.001994	-0.002765	-0.002046
19720328	-0.000325	-0.000781	-0.000587	-0.001212
19720329	-0.012666	-0.005782	-0.004401	-0.006345
19720330	0.005921	0.006156	0.006357	0.006667
19720403	0.008502	0.002357	-0.000237	0.002612
19720404	0.009079	0.006011	0.004816	0.005955
19720405	0.007712	0.008296	0.007849	0.008139
19720406	-0.002551	0.004141	0.004367	0.003853
19720407	-0.004476	0.002651	0.003370	0.001828
19720410	0.003211	-0.001386	0.000789	-0.001551
19720411	0.000000	0.003732	0.005940	0.002832
19720412	0.017926	0.003475	0.004549	0.003827
19720413	-0.008176	-0.002593	-0.003110	-0.002451
19720414	0.001902	0.000398	0.002385	-0.000637
19720417	0.000000	-0.002381	-0.002334	-0.003004
19720418	0.001899	0.001690	0.001582	0.002374
19720419	-0.012003	-0.006037	-0.008491	-0.005193
19720420	-0.008312	-0.001375	-0.000585	-0.001465
19720421	-0.007092	-0.001357	-0.000790	-0.001376
19720424	0.000000	-0.006207	-0.005411	-0.006429
19720425	-0.009091	-0.009786	-0.010333	-0.009890
19720426	-0.003932	-0.002225	-0.003370	-0.002147
19720427	0.002632	0.001014	-0.001254	0.001497
19720428	0.013123	0.005139	0.003413	0.005792
19720501	-0.009067	-0.008860	-0.009945	-0.009102
19720502	-0.006536	-0.005788	-0.006739	-0.005717
19720503	-0.002632	-0.002229	-0.006479	-0.000848
19720504	0.018074	0.002410	-0.001409	0.002453
19720505	0.011053	0.003868	0.001783	0.003576
19720508	-0.006431	-0.004869	-0.007302	-0.004595
19720509	-0.018123	-0.014296	-0.019865	-0.013190
19720510	0.011866	0.007084	0.008327	0.006492
19720511	-0.000651	0.004282	0.006338	0.003320
19720512	-0.003911	0.007026	0.009001	0.005767
19720515	0.011780	0.005128	0.006061	0.004512
19720516	-0.007115	-0.002029	-0.001992	-0.001872
19720517	0.014984	0.002265	0.000425	0.002156
19720518	0.012837	0.009185	0.006316	0.009823
19720519	0.004436	0.009395	0.006286	0.009635
19720522	0.011987	0.005632	0.001692	0.006515
19720523	0.002494	0.000442	-0.002723	0.000820
19720524	0.002488	0.004266	0.002084	0.004828
19720525	0.002481	0.002348	0.000521	0.001360
19720526	0.000000	0.001906	0.002962	0.001811
19720530	-0.021040	-0.002869	-0.003245	-0.002801
19720531	0.005689	-0.007312	-0.007641	-0.007431
19720601	0.003143	0.002414	0.003613	0.001461
19720602	-0.001253	0.001544	0.002455	0.000365
19720605	-0.010038	-0.007595	-0.007144	-0.008293
19720606	-0.003802	-0.005552	-0.004701	-0.005606
19720607	0.005725	-0.004759	-0.005316	-0.005175
19720608	-0.006325	-0.002719	-0.003129	-0.003437
19720609	-0.004456	-0.004373	-0.004196	-0.003915
19720612	-0.008312	0.000836	-0.000143	0.001404
19720613	0.012895	0.004438	0.000871	0.005046
19720614	0.017823	0.007729	0.005738	0.007810
19720615	-0.005629	-0.000279	-0.002820	0.000461
19720616	0.003145	-0.000770	-0.000850	-0.000738
19720619	-0.005643	-0.001648	-0.001581	-0.002307
19720620	0.001261	0.003478	0.000839	0.004162
19720621	0.001259	0.001409	-0.001442	0.002119
19720622	-0.004403	-0.001501	-0.003780	-0.001011
19720623	-0.001895	-0.004219	-0.002945	-0.003773
19720626	-0.006962	-0.006869	-0.006447	-0.007297
19720627	0.000000	-0.000984	-0.001594	-0.001023
19720628	-0.004143	-0.003249	-0.002888	-0.003260
19720629	0.002240	-0.001949	-0.002610	-0.001869
19720630	0.001277	0.003847	0.005236	0.002996
19720703	0.007972	0.003709	0.004183	0.003267
19720705	0.012338	0.005624	0.003933	0.005675
19720706	0.009375	0.007617	0.003392	0.008696
19720707	0.000619	-0.002550	-0.001653	-0.003210
19720710	-0.012376	-0.005417	-0.005294	-0.005336
19720711	-0.005013	-0.007151	-0.007038	-0.007307
19720712	-0.003149	-0.005068	-0.007427	-0.004007
19720713	-0.010107	-0.006074	-0.006884	-0.005707
19720714	0.003829	0.004631	0.003197	0.004893
19720717	-0.013350	-0.008999	-0.008160	-0.008614
19720718	0.001289	-0.000675	-0.005214	-0.000472
19720719	0.003861	0.002546	0.001422	0.002929
19720720	0.001923	-0.003146	-0.003991	-0.003109
19720721	0.014715	0.007263	0.005904	0.008033
19720724	0.005675	0.010955	0.010333	0.011813
19720725	-0.001881	-0.002807	-0.002813	-0.002965
19720726	-0.008794	-0.001038	-0.003547	-0.000651
19720727	0.006337	-0.003159	-0.004279	-0.002325
19720728	0.002519	0.000509	-0.000907	0.000932
19720731	0.006910	-0.000629	-0.003361	0.000093
19720801	0.023082	0.009272	0.004716	0.009405
19720802	-0.002439	0.008580	0.005052	0.008210
19720803	0.018582	0.007731	0.003619	0.007777
19720804	0.001806	0.003673	0.002327	0.002633
19720807	0.004207	0.001322	-0.000785	0.001630
19720808	0.001197	0.000768	-0.000707	0.000723
19720809	0.012552	0.001228	0.001013	0.001536
19720810	0.000000	0.002329	0.002281	0.001714
19720811	0.004723	0.008311	0.006661	0.008104
19720814	-0.001763	0.004477	0.003743	0.005360
19720815	-0.010594	-0.004073	-0.002177	-0.004354
19720816	-0.010113	-0.002660	-0.002161	-0.003570
19720817	-0.006611	-0.002046	-0.000490	-0.002866
19720818	-0.004235	0.004053	0.003420	0.003772
19720821	-0.002430	-0.000793	-0.000847	-0.000358
19720822	0.005481	0.005025	0.002604	0.006176
19720823	0.000606	-0.001440	-0.000374	-0.001334
19720824	-0.013923	-0.010525	-0.007149	-0.011046
19720825	-0.003069	-0.002451	-0.002330	-0.003153
19720828	-0.004310	-0.004354	-0.004141	-0.003976
19720829	0.011132	0.001419	-0.001705	0.001633
19720830	-0.001835	0.001331	0.000227	0.001449
19720831	0.001225	0.004538	0.002480	0.004703
19720901	-0.005508	0.004077	0.003844	0.003781
19720905	-0.003692	-0.002543	-0.002947	-0.002511
19720906	-0.008647	-0.005772	-0.005904	-0.006113
19720907	-0.004361	-0.003048	-0.004068	-0.002352
19720908	-0.001877	-0.001351	-0.001233	-0.001269
19720911	-0.005643	-0.006767	-0.008785	-0.005810
19720912	-0.003783	-0.009235	-0.009416	-0.009497
19720913	0.007595	0.003453	0.000828	0.003964
19720914	0.003769	0.000406	-0.000028	0.000275
19720915	-0.004380	-0.000846	-0.000723	-0.001102
19720918	-0.003771	-0.001920	-0.001991	-0.001838
19720919	0.001893	-0.000256	-0.001104	-0.000552
19720920	0.008816	-0.000282	-0.002557	0.000461
19720921	-0.002497	-0.001841	-0.002732	-0.001565
19720922	-0.003129	0.000740	0.000374	0.000830
19720925	0.000000	-0.004343	-0.005644	-0.004331
19720926	-0.000314	0.001109	-0.000683	0.001111
19720927	0.022292	0.013672	0.008257	0.013775
19720928	-0.006757	0.006102	0.003008	0.006292
19720929	0.005566	0.001181	0.002584	0.001812
19721002	-0.003075	-0.002855	-0.003353	-0.003528
19721003	0.003701	0.000912	-0.002251	0.001271
19721004	-0.008605	-0.002177	-0.005254	-0.001904
19721005	-0.020459	-0.010586	-0.009480	-0.010900
19721006	0.016456	0.006293	0.003982	0.006704
19721009	-0.003113	0.002429	0.002844	0.002554
19721010	-0.015615	0.001379	0.002120	0.000819
19721011	-0.008249	-0.004390	-0.004603	-0.004455
19721012	-0.015995	-0.008058	-0.008234	-0.008219
19721013	-0.014304	-0.006463	-0.004628	-0.006262
19721016	-0.038259	-0.010180	-0.007582	-0.010656
19721017	0.015775	0.005984	0.001149	0.006837
19721018	0.023633	0.005804	0.002700	0.006419
19721019	-0.001319	-0.001631	-0.002331	-0.001294
19721020	0.022457	0.010417	0.005763	0.011013
19721023	0.009044	0.009568	0.007915	0.010161
19721024	-0.003201	0.003237	-0.000839	0.004169
19721025	-0.014772	-0.000186	0.000052	-0.000812
19721026	-0.015645	0.003505	0.006223	0.002439
19721027	0.003311	-0.002812	-0.000021	-0.003334
19721030	0.002640	-0.000086	-0.001305	-0.000271
19721031	0.015142	0.008802	0.006022	0.008952
19721101	0.010376	0.010266	0.008007	0.009769
19721102	0.003851	0.004952	0.002888	0.004970
19721103	-0.008312	0.008505	0.007520	0.008743
19721106	-0.017408	-0.001307	0.002696	-0.002101
19721108	-0.008268	-0.004578	-0.003481	-0.005527
19721109	-0.013280	0.000966	-0.000804	0.001323
19721110	0.002019	0.003226	0.004530	0.002026
19721113	0.012089	0.001049	-0.001277	0.001495
19721114	0.029861	0.008267	0.002044	0.009219
19721115	-0.009665	-0.003172	-0.001383	-0.003915
19721116	0.001952	0.005206	0.002095	0.005502
19721117	-0.002597	0.003333	0.004518	0.003127
19721120	0.002604	0.000255	0.001351	0.000346
19721121	0.005844	0.004734	0.004690	0.005886
19721122	0.017431	0.006091	0.006051	0.005938
19721124	-0.012690	0.002973	0.003404	0.003165
19721127	-0.008997	-0.003472	-0.001888	-0.004690
19721128	-0.008431	-0.001524	0.003372	-0.002142
19721129	0.012426	0.000476	0.001569	0.000429
19721130	0.010336	0.002667	0.007089	0.001287
19721201	0.017903	0.006627	0.010068	0.006086
19721204	0.006281	0.003324	0.005116	0.003323
19721205	-0.006242	-0.001809	-0.002836	-0.001613
19721206	-0.002513	0.003491	0.003416	0.003657
19721207	-0.000630	0.004420	0.001733	0.005000
19721208	0.015753	0.002123	0.000943	0.002192
19721211	0.003102	0.002145	-0.001701	0.002187
19721212	-0.012987	-0.003730	-0.006732	-0.003862
19721213	-0.006892	-0.001581	-0.005152	-0.000843
19721214	-0.001893	-0.003070	-0.006835	-0.002699
19721215	0.006637	0.000882	0.000806	0.000169
19721218	-0.009105	-0.010296	-0.010545	-0.011500
19721219	-0.011407	-0.003949	-0.004580	-0.004790
19721220	-0.001282	-0.003282	-0.004392	-0.003352
19721221	-0.010270	-0.006212	-0.003636	-0.007245
19721222	0.012970	0.005540	0.004338	0.006255
19721226	0.003201	0.002246	-0.000916	0.004058
19721227	0.018507	0.004171	-0.003520	0.005417
19721229	0.007519	0.010805	0.011494	0.009578
19730102	0.017413	0.008909	0.016707	0.008895
19730103	0.000611	0.003582	0.006983	0.003946
19730104	0.006109	-0.001948	0.001231	-0.001422
19730105	0.017001	0.003304	0.004235	0.003936
19730108	0.000000	-0.000098	0.001335	-0.000167
19730109	-0.002985	-0.000832	0.000030	-0.001001
19730110	-0.014371	-0.002097	-0.000653	-0.002506
19730111	0.009113	0.005852	0.001952	0.006782
19730112	0.011439	-0.008053	-0.008067	-0.007818
19730115	0.007738	-0.008100	-0.008594	-0.007209
19730116	-0.001772	-0.003338	-0.004861	-0.002533
19730117	0.003550	0.003655	0.001542	0.004571
19730118	0.011498	0.001374	0.000807	0.001432
19730119	0.023608	-0.001722	-0.002981	-0.000589
19730122	-0.006834	-0.005040	-0.004189	-0.004799
19730123	0.018922	-0.001371	-0.004485	0.000085
19730124	-0.018571	-0.013573	-0.010788	-0.012604
19730126	0.004014	-0.003163	-0.005762	-0.002399
19730129	0.008567	-0.004895	-0.006804	-0.003778
19730130	-0.005663	-0.001521	-0.002927	-0.001552
19730131	-0.007973	0.001491	-0.000093	0.001727
19730201	-0.014925	-0.011142	-0.009545	-0.010945
19730202	0.001748	-0.003897	-0.005034	-0.003573
19730205	0.000582	-0.001660	-0.003774	-0.001049
19730206	0.018023	0.002194	-0.001201	0.001926
19730207	0.004911	-0.007143	-0.006862	-0.006903
19730208	-0.002281	-0.004369	-0.006382	-0.004399
19730209	0.019429	0.013412	0.009568	0.013432
19730212	0.005605	0.010801	0.007905	0.012033
19730213	0.005574	0.005325	0.002397	0.006204
19730214	-0.011918	-0.013813	-0.009999	-0.014386
19730215	-0.009257	-0.006451	-0.006408	-0.005647
19730216	-0.000566	0.003670	0.000131	0.004631
19730220	0.013031	0.001971	-0.000909	0.003653
19730221	-0.007271	-0.007020	-0.007954	-0.006153
19730222	0.000563	-0.002539	-0.004808	-0.002180
19730223	-0.023649	-0.010241	-0.008410	-0.011185
19730226	-0.005767	-0.008474	-0.011991	-0.008572
19730227	-0.018561	-0.011655	-0.011269	-0.011498
19730228	0.020095	0.006326	0.000354	0.007033
19730301	-0.010429	-0.006985	-0.004520	-0.005641
19730302	0.035129	0.008701	-0.000441	0.011076
19730305	-0.007353	0.003766	0.002527	0.003563
19730306	-0.003419	0.012852	0.008864	0.012602
19730307	0.008576	0.003987	0.003567	0.003067
19730308	-0.001134	-0.001621	0.000009	-0.001922
19730309	-0.002270	-0.003347	-0.000749	-0.003852
19730312	0.006826	-0.000164	-0.000358	0.000615
19730313	0.005085	0.004554	0.000354	0.005445
19730314	0.008994	0.002958	-0.000626	0.004368
19730315	-0.010585	-0.006916	-0.004716	-0.007480
19730316	-0.001126	-0.004923	-0.004090	-0.005082
19730319	-0.012683	-0.012104	-0.010071	-0.012066
19730320	-0.000285	-0.003192	-0.005621	-0.001961
19730321	-0.016562	-0.012538	-0.009259	-0.013042
19730322	-0.011614	-0.016594	-0.016871	-0.014933
19730323	0.005875	0.000193	-0.003530	0.000368
19730326	0.010514	0.007735	0.002754	0.008817
19730327	0.011561	0.014521	0.009765	0.015659
19730328	-0.006857	0.000634	0.000934	0.000538
19730329	0.009781	0.009823	0.007072	0.009765
19730330	-0.016524	-0.008732	-0.001421	-0.010558
19730402	-0.008111	-0.011583	-0.007952	-0.012016
19730403	-0.008762	-0.009589	-0.009520	-0.008531
19730404	-0.002946	-0.005937	-0.005288	-0.004302
19730405	-0.000296	-0.004328	-0.008156	-0.002298
19730406	0.001478	0.007151	0.003835	0.007003
19730409	0.014168	0.012598	0.004307	0.014458
19730410	0.011059	0.011133	0.005076	0.012178
19730411	-0.009211	0.003984	0.001742	0.004189
19730412	0.004648	-0.000687	0.000035	-0.000887
19730413	-0.005784	-0.003860	-0.001388	-0.004441
19730416	-0.010471	-0.005395	-0.003499	-0.005710
19730417	-0.000588	-0.005497	-0.005417	-0.004487
19730418	0.016471	0.003597	-0.001336	0.005408
19730419	-0.006944	0.005388	0.003787	0.005648
19730423	-0.008159	-0.005598	-0.005415	-0.005349
19730424	-0.024089	-0.014596	-0.013003	-0.014162
19730425	-0.018663	-0.015480	-0.014072	-0.015001
19730426	0.005521	0.003462	-0.001174	0.005077
19730427	-0.010982	-0.014914	-0.008960	-0.015245
19730430	0.006786	-0.002281	-0.005591	-0.002425
19730501	0.007353	0.000344	-0.003914	0.001215
19730502	0.010645	0.012250	0.007086	0.012418
19730503	0.020764	0.014653	0.005305	0.016508
19730504	-0.002005	0.007975	0.008543	0.007077
19730507	-0.011263	-0.003940	-0.002727	-0.004234
19730508	0.011990	0.005916	0.002012	0.006514
19730509	-0.018957	-0.004834	-0.000236	-0.007281
19730510	-0.008454	-0.006524	-0.005241	-0.008149
19730511	-0.011876	-0.011503	-0.008490	-0.012507
19730514	-0.023421	-0.021519	-0.019133	-0.020985
19730515	0.009782	0.004120	-0.006133	0.006327
19730516	0.000000	-0.001221	-0.004669	-0.001314
19730517	-0.007500	-0.008570	-0.007957	-0.008174
19730518	-0.020151	-0.019042	-0.023844	-0.016105
19730521	-0.005784	-0.014521	-0.029401	-0.010880
19730522	0.008403	0.007486	-0.000759	0.008274
19730523	-0.000641	0.004464	-0.000943	0.004731
19730524	0.027582	0.028091	0.011889	0.029499
19730525	0.018727	0.010085	0.017295	0.007467
19730529	-0.008885	-0.002780	0.001361	-0.003984
19730530	-0.013910	-0.015273	-0.012503	-0.014882
19730531	-0.013323	-0.009013	-0.009144	-0.009064
19730601	-0.015091	-0.008891	-0.007536	-0.009719
19730604	-0.000806	-0.010998	-0.011575	-0.009237
19730605	0.023406	0.013874	0.002985	0.016024
19730606	-0.006309	-0.002513	-0.002723	-0.002963
19730607	0.022222	0.013274	0.005369	0.014668
19730608	0.006988	0.011025	0.009527	0.011243
19730611	-0.003855	-0.002865	-0.000185	-0.003083
19730612	0.019350	0.014757	0.007854	0.014902
19730613	0.000759	-0.004498	0.002732	-0.006372
19730614	-0.025797	-0.010025	-0.006553	-0.011152
19730615	-0.008567	-0.012396	-0.008976	-0.012218
19730618	-0.013354	-0.014339	-0.011421	-0.014272
19730619	0.012739	0.002801	-0.003684	0.003764
19730620	0.011006	0.004236	0.000911	0.004327
19730621	-0.018663	-0.011045	-0.008251	-0.011777
19730622	0.003962	0.004272	-0.000628	0.004748
19730625	-0.025257	-0.013670	-0.012238	-0.013983
19730626	0.012955	0.008986	0.000154	0.010269
19730627	0.001599	0.003423	0.001170	0.003098
19730628	0.020750	0.009934	0.005932	0.010326
19730629	-0.008600	-0.003162	0.001760	-0.004107
19730702	-0.037066	-0.011456	-0.005425	-0.013044
19730703	-0.022113	-0.008762	-0.003922	-0.010010
19730705	0.005025	-0.001254	-0.001400	-0.000883
19730706	0.000833	-0.003711	-0.000594	-0.004913
19730709	0.017485	0.008238	0.001934	0.008491
19730710	0.027823	0.014281	0.010425	0.013511
19730711	0.019108	0.022142	0.018955	0.022025
19730712	-0.019531	-0.000335	0.006568	-0.002836
19730713	-0.011952	-0.010379	-0.000512	-0.013365
19730716	0.029032	0.015065	0.009057	0.015179
19730717	-0.028213	0.003191	0.009731	0.000473
19730718	0.013710	0.008310	0.010868	0.005959
19730719	0.002387	0.003807	0.008457	0.001881
19730720	0.000000	0.006717	0.012714	0.005537
19730723	-0.007143	0.003324	0.007539	0.003547
19730724	-0.003197	0.005843	0.004920	0.005766
19730725	0.023256	0.013457	0.013284	0.013871
19730726	-0.000784	0.001436	0.004832	0.001915
19730727	-0.002353	-0.002446	0.000235	-0.002367
19730730	0.008648	-0.002861	-0.001398	-0.003102
19730731	-0.019486	-0.008232	-0.003926	-0.009428
19730801	-0.009539	-0.012702	-0.010985	-0.012844
19730802	0.004815	-0.000595	-0.002244	-0.001498
19730803	-0.004792	-0.000572	0.001100	-0.001687
19730806	-0.001605	0.003148	0.001627	0.002254
19730807	-0.009646	-0.001384	-0.001351	-0.001686
19730808	-0.009351	-0.009301	-0.007428	-0.009385
19730809	-0.001645	0.000245	-0.001013	0.000568
19730810	-0.007414	-0.007630	-0.005989	-0.007954
19730813	0.000830	-0.010422	-0.011367	-0.010117
19730814	-0.005804	-0.009110	-0.008340	-0.009642
19730815	0.009174	0.002839	-0.000660	0.002921
19730816	-0.006612	-0.004795	-0.001057	-0.006990
19730817	0.000000	0.000549	0.000173	0.000196
19730820	-0.002496	-0.007066	-0.006032	-0.006842
19730821	-0.006672	-0.007337	-0.007117	-0.007086
19730822	0.000000	-0.004598	-0.006654	-0.003568
19730823	0.005038	0.013132	0.006321	0.013727
19730824	-0.003342	-0.000958	0.000866	-0.002846
19730827	0.020956	0.006963	0.001007	0.007872
19730828	-0.001642	0.004990	0.000854	0.005858
19730829	0.000822	0.009231	0.006699	0.009804
19730830	-0.003287	0.000499	0.003148	-0.001442
19730831	-0.007420	0.005334	0.005779	0.003562
19730904	-0.013704	0.004271	0.004506	0.002494
19730905	0.002947	0.002062	0.002817	0.001244
19730906	0.001679	0.005264	0.004260	0.004874
19730907	-0.007125	-0.001167	0.003462	-0.003709
19730910	-0.009709	-0.008236	-0.002585	-0.008687
19730911	-0.024723	-0.005606	-0.003993	-0.006066
19730912	0.015734	-0.002208	-0.001993	-0.001550
19730913	0.006024	0.003246	0.000203	0.002911
19730914	0.019675	0.008671	0.004901	0.010449
19730917	-0.087248	-0.000006	0.004650	-0.002777
19730918	-0.045956	-0.001746	-0.000182	-0.003649
19730919	0.043353	0.019350	0.012483	0.020333
19730920	-0.007387	0.009318	0.011187	0.008311
19730921	-0.032558	0.005214	0.008327	0.004121
19730924	-0.032692	0.003406	0.006771	0.001493
19730925	0.031809	0.005634	0.003642	0.006427
19730926	0.003854	0.007425	0.008699	0.007219
19730927	-0.001919	0.002552	0.003594	0.002297
19730928	-0.007692	-0.004310	0.000665	-0.005959
19731001	-0.000969	-0.001193	0.002708	-0.002029
19731002	-0.008729	0.006169	0.008552	0.005360
19731003	-0.027397	0.001137	0.006832	-0.000092
19731004	0.012072	-0.003860	0.000422	-0.003401
19731005	0.031809	0.011923	0.008599	0.013283
19731008	0.008671	0.004859	0.005238	0.003459
19731009	0.000000	-0.000678	0.000157	-0.000907
19731010	0.046800	-0.011081	-0.009636	-0.008263
19731011	0.025547	0.016701	0.011553	0.017121
19731012	0.003559	0.004200	0.005065	0.003151
19731015	-0.009752	-0.011179	-0.007842	-0.012473
19731016	0.009400	-0.000223	-0.003392	0.001272
19731017	0.004878	-0.002477	-0.002864	-0.001997
19731018	0.015004	0.000179	-0.001448	0.000364
19731019	0.013913	0.002242	0.002910	0.001909
19731022	-0.039451	-0.010191	-0.009413	-0.009617
19731023	0.021429	0.003824	-0.000945	0.005405
19731024	0.005245	0.003161	0.000922	0.004738
19731025	0.005217	0.001630	-0.000843	0.002086
19731026	-0.012111	0.007575	0.004508	0.007964
19731029	-0.001751	-0.001966	-0.001489	-0.002065
19731030	-0.022807	-0.014511	-0.011476	-0.016374
19731031	0.006284	-0.008407	-0.005888	-0.009512
19731101	0.003568	-0.005198	-0.005404	-0.005541
19731102	-0.003556	-0.005682	-0.004675	-0.005757
19731105	-0.012489	-0.015575	-0.015025	-0.014477
19731106	-0.002710	-0.006941	-0.009837	-0.005307
19731107	0.002717	0.006574	-0.000210	0.008003
19731108	0.023921	0.011147	0.006565	0.011531
19731109	-0.013729	-0.014257	-0.010356	-0.016072
19731112	0.021105	-0.009116	-0.014842	-0.008167
19731113	0.019349	-0.002876	-0.013531	-0.000766
19731114	-0.009491	-0.018420	-0.018736	-0.018302
19731115	-0.024390	-0.000998	-0.007240	-0.000195
19731116	0.016071	0.011527	0.006580	0.014156
19731119	-0.029877	-0.029915	-0.025246	-0.030516
19731120	-0.014493	-0.022268	-0.032817	-0.020355
19731121	0.017463	0.010914	0.002257	0.011149
19731123	-0.015357	-0.000750	0.001130	-0.003208
19731126	-0.023853	-0.029710	-0.035879	-0.028761
19731127	-0.009398	-0.009188	-0.014209	-0.009112
19731128	0.021822	0.019920	0.014106	0.020376
19731129	-0.012071	-0.003016	-0.002151	-0.003482
19731130	-0.003759	-0.013245	-0.009773	-0.013873
19731203	-0.024528	-0.020349	-0.021542	-0.021467
19731204	-0.012573	-0.003922	-0.009093	-0.003301
19731205	-0.007835	-0.017027	-0.022595	-0.015279
19731206	0.029615	0.022369	0.008874	0.024523
19731207	0.016299	0.022377	0.022110	0.022135
19731210	-0.007547	0.015311	0.008581	0.014921
19731211	-0.043726	-0.017330	-0.012019	-0.019500
19731212	-0.003479	-0.025620	-0.021803	-0.025718
19731213	0.005486	-0.014660	-0.014683	-0.012718
19731214	-0.023810	0.009675	0.003534	0.009851
19731217	-0.024390	-0.006623	-0.006347	-0.005788
19731218	0.039583	0.018521	0.005644	0.021456
19731219	0.005010	0.000105	-0.000616	0.000844
19731220	-0.030907	-0.002687	-0.001437	-0.002848
19731221	-0.010288	-0.009118	-0.003445	-0.010682
19731224	-0.012474	-0.005816	-0.002033	-0.006842
19731226	0.046316	0.027067	0.012476	0.030571
19731227	0.026157	0.019742	0.012912	0.020890
19731228	-0.022549	-0.000533	0.000041	-0.002046
19731231	-0.010030	0.002316	0.007931	0.000103
19740102	-0.016211	0.003050	0.020772	0.001333
19740103	-0.014418	0.023213	0.037538	0.021704
19740104	-0.035528	-0.004666	0.016255	-0.009018
19740107	-0.015168	-0.004707	0.009560	-0.008392
19740108	0.003300	-0.017045	-0.002983	-0.019884
19740109	-0.001096	-0.027118	-0.014228	-0.028090
19740110	0.005488	-0.010770	-0.006756	-0.011025
19740111	0.048035	0.011937	0.008678	0.013746
19740114	-0.012500	-0.001001	0.001854	-0.002562
19740115	0.008966	0.007421	0.005519	0.008671
19740116	0.019341	0.014340	0.009630	0.015282
19740117	0.028718	0.016721	0.015167	0.017038
19740118	-0.018943	-0.015013	-0.002653	-0.017883
19740121	-0.004065	-0.002912	-0.005808	-0.001674
19740122	0.019388	0.009733	0.007559	0.012055
19740123	-0.007007	0.005460	0.008742	0.005386
19740124	-0.006048	-0.002036	0.002599	-0.002575
19740125	0.002028	-0.000750	0.005020	-0.001962
19740128	-0.010628	-0.004670	0.000879	-0.005588
19740129	-0.004604	-0.001309	-0.000284	-0.000833
19740130	0.012333	0.010284	0.008725	0.010936
19740131	-0.004061	-0.004039	0.002851	-0.005048
19740201	-0.016310	-0.011818	-0.004301	-0.012944
19740204	-0.017617	-0.019107	-0.014443	-0.021297
19740205	-0.001055	-0.003471	-0.004166	-0.003109
19740206	0.007518	0.003055	0.002183	0.002796
19740207	-0.004215	0.001492	0.002953	0.000429
19740208	-0.013228	-0.009057	-0.002980	-0.010397
19740211	-0.021984	-0.016824	-0.008471	-0.018087
19740212	0.001096	0.000567	-0.003395	0.003088
19740213	0.004381	-0.000072	-0.000305	0.000440
19740214	-0.011996	0.000466	0.002540	-0.000330
19740215	0.030905	0.013283	0.007293	0.014513
19740219	-0.007495	-0.000808	0.000295	-0.001626
19740220	0.016181	0.012593	0.004423	0.014329
19740221	0.008493	0.012574	0.007528	0.013592
19740222	-0.004211	0.008225	0.007398	0.007180
19740225	-0.003171	-0.002048	0.000448	-0.003774
19740226	0.008484	0.010025	0.006648	0.010207
19740227	-0.003155	0.005295	0.006783	0.004167
19740228	0.003692	-0.001223	0.000964	-0.001867
19740301	-0.007882	-0.005824	0.000958	-0.007171
19740304	0.003178	0.000324	0.001230	0.000000
19740305	0.021119	0.017453	0.011458	0.018738
19740306	0.010341	0.005844	0.007925	0.006782
19740307	-0.018424	-0.009198	-0.000119	-0.010614
19740308	0.003128	0.007951	0.005814	0.008665
19740311	0.024948	0.010017	0.007148	0.011250
19740312	0.012170	0.002353	0.003461	0.002731
19740313	0.002004	0.005939	0.005274	0.005951
19740314	-0.005000	0.000565	0.004617	-0.000902
19740315	0.002010	-0.002917	-0.000266	-0.003713
19740318	-0.007021	-0.012505	-0.005911	-0.012389
19740319	-0.007071	-0.008245	-0.005891	-0.008363
19740320	0.002035	0.002875	0.000788	0.003497
19740321	-0.013198	-0.001814	-0.000474	-0.002357
19740322	0.002058	-0.001326	-0.000432	-0.000719
19740325	0.016427	0.001954	-0.001695	0.003804
19740326	0.010101	0.002237	0.000699	0.003175
19740327	-0.024000	-0.013050	-0.007088	-0.013885
19740328	-0.017418	-0.017911	-0.012348	-0.018325
19740329	-0.016684	-0.007692	-0.004438	-0.008859
19740401	-0.025451	-0.007396	-0.003885	-0.007768
19740402	0.018498	0.000469	-0.000828	0.001072
19740403	0.022436	0.008366	0.002215	0.010498
19740404	0.003657	-0.000357	-0.000441	0.000000
19740405	-0.027590	-0.013580	-0.006547	-0.013993
19740408	-0.011777	-0.010254	-0.008469	-0.010537
19740409	0.009751	0.005003	0.000183	0.006302
19740410	-0.011803	-0.002038	-0.000323	-0.002268
19740411	-0.003257	-0.002509	-0.001113	-0.003030
19740415	0.004357	-0.001369	-0.001545	-0.000760
19740416	0.016269	0.015837	0.006903	0.017490
19740417	0.000000	0.006991	0.004453	0.007474
19740418	0.003202	0.003926	0.002735	0.004451
19740419	-0.014362	-0.009910	-0.004316	-0.010867
19740422	-0.004857	-0.003770	-0.003889	-0.003947
19740423	-0.014100	-0.017955	-0.015613	-0.016813
19740424	-0.015952	-0.017294	-0.012796	-0.016447
19740425	-0.008944	-0.009601	-0.012051	-0.008084
19740426	0.017484	0.006180	0.002298	0.006810
19740429	-0.004435	-0.000224	-0.000925	-0.001996
19740430	0.012249	0.003318	0.000788	0.003444
19740501	0.012101	0.019514	0.008703	0.021149
19740502	-0.002717	-0.000599	0.001541	-0.001410
19740503	-0.013624	-0.008007	-0.004012	-0.008687
19740506	-0.008840	-0.001569	-0.003483	-0.001862
19740507	0.017280	0.001069	-0.001110	0.003731
19740508	-0.003704	-0.000043	-0.002464	0.001968
19740509	0.019912	0.011203	0.002658	0.014404
19740510	-0.028200	-0.015680	-0.007172	-0.016028
19740513	-0.011161	-0.009810	-0.010414	-0.008855
19740514	0.006772	-0.000037	-0.002781	0.000331
19740515	-0.002803	-0.002324	-0.004282	-0.002646
19740516	-0.010680	-0.006574	-0.002778	-0.008071
19740517	-0.007955	-0.017504	-0.013636	-0.016830
19740520	0.000000	-0.004649	-0.006026	-0.003968
19740521	-0.003436	0.000040	-0.005652	0.000569
19740522	-0.006322	-0.009446	-0.007929	-0.009328
19740523	0.000578	0.000350	-0.007237	0.002296
19740524	0.011561	0.015121	0.009177	0.014778
19740528	-0.008000	-0.001412	-0.001938	-0.002371
19740529	-0.029378	-0.015601	-0.010601	-0.016748
19740530	0.018398	0.005309	-0.000822	0.006215
19740531	-0.009324	-0.001081	0.000743	-0.001716
19740603	0.030588	0.018492	0.008045	0.020852
19740604	0.006849	0.012781	0.011325	0.011672
19740605	-0.000567	0.002713	0.004967	0.001886
19740606	0.032331	0.017164	0.008707	0.018270
19740607	0.007692	0.007358	0.010148	0.006416
19740610	0.004362	0.006004	0.003321	0.005943
19740611	-0.016287	-0.008255	-0.003875	-0.008808
19740612	-0.007726	-0.004046	-0.005314	-0.002384
19740613	0.012236	0.002217	0.000217	0.003041
19740614	-0.020879	-0.010101	-0.004926	-0.011263
19740617	-0.017957	-0.013143	-0.007582	-0.013801
19740618	-0.012571	-0.006435	-0.006109	-0.006553
19740619	0.002315	-0.007202	-0.006018	-0.006819
19740620	-0.012702	-0.008238	-0.006235	-0.007091
19740621	-0.003509	-0.009337	-0.007367	-0.008502
19740624	0.012911	0.000891	-0.003845	0.002630
19740625	0.026651	0.012741	0.003669	0.014711
19740626	-0.023702	-0.015208	-0.009283	-0.014722
19740627	-0.019653	-0.015343	-0.013767	-0.015513
19740628	0.003538	-0.005334	-0.006822	-0.003592
19740701	0.000000	-0.001374	-0.005048	0.000233
19740702	-0.005875	-0.020681	-0.015174	-0.019995
19740703	-0.007092	-0.001600	-0.005409	-0.000593
19740705	-0.020238	-0.004734	-0.001706	-0.007003
19740708	-0.032807	-0.031203	-0.027409	-0.030720
19740709	0.013819	0.002107	-0.004465	0.004809
19740710	-0.019827	-0.016414	-0.010043	-0.018287
19740711	0.005057	-0.001078	-0.004006	-0.001250
19740712	0.081761	0.039930	0.025698	0.040806
19740715	0.018605	0.008075	0.007739	0.007577
19740716	-0.023973	-0.009927	-0.003579	-0.011578
19740717	0.018713	0.011180	0.005953	0.010747
19740718	-0.003444	0.002519	0.007209	0.000956
19740719	0.003456	-0.000649	0.001719	-0.002865
19740722	0.009759	0.003399	0.000922	0.003232
19740723	0.010802	0.010821	0.009046	0.010023
19740724	-0.005624	0.003993	0.004511	0.004017
19740725	-0.028281	-0.011400	-0.002010	-0.011884
19740726	-0.039581	-0.016720	-0.005327	-0.018814
19740729	-0.015758	-0.017642	-0.011560	-0.017718
19740730	0.022167	-0.005424	-0.005948	-0.005436
19740731	-0.028313	-0.014631	-0.007179	-0.014783
19740801	0.000620	-0.006564	-0.004713	-0.007061
19740802	-0.004957	-0.002231	-0.002934	-0.002032
19740805	0.017435	0.008702	0.002201	0.008907
19740806	0.022032	0.015615	0.009392	0.015513
19740807	0.028743	0.024621	0.011825	0.026453
19740808	-0.022119	-0.011444	0.004697	-0.013067
19740809	0.000000	-0.006243	0.001732	-0.008704
19740812	-0.026379	-0.011195	-0.003951	-0.013727
19740813	-0.003695	-0.015999	-0.009600	-0.015799
19740814	-0.011125	-0.021599	-0.013545	-0.022423
19740815	0.000000	-0.005617	-0.005303	-0.005604
19740816	-0.007500	-0.007925	-0.003019	-0.008257
19740819	-0.008816	-0.014170	-0.012090	-0.014537
19740820	0.015248	0.004267	-0.000892	0.005096
19740821	-0.038798	-0.017376	-0.009078	-0.019213
19740822	0.003906	-0.011336	-0.013155	-0.009659
19740823	-0.014267	-0.015874	-0.010511	-0.017170
19740826	0.018421	0.007135	-0.005231	0.008526
19740827	-0.007752	-0.015367	-0.011319	-0.016907
19740828	-0.003906	-0.003022	-0.006428	-0.002537
19740829	-0.013072	-0.012301	-0.015430	-0.010882
19740830	0.017219	0.028001	0.013757	0.030862
19740903	-0.044271	-0.021353	-0.009993	-0.022592
19740904	-0.019074	-0.026580	-0.022995	-0.025950
19740905	0.012500	0.029309	0.009358	0.031737
19740906	-0.017833	0.007741	0.008030	0.007761
19740909	-0.033520	-0.022575	-0.012812	-0.023803
19740910	-0.008671	-0.007687	-0.010172	-0.006885
19740911	-0.037172	-0.008674	-0.007495	-0.009965
19740912	-0.052233	-0.025519	-0.020521	-0.026842
19740913	-0.028754	-0.021260	-0.014188	-0.022635
19740916	0.050164	0.014425	-0.002194	0.016258
19740917	0.014096	0.016938	0.011790	0.016903
19740918	0.028571	0.004085	0.000599	0.005046
19740919	0.024024	0.033774	0.022223	0.034997
19740920	0.005865	0.003634	0.009069	0.000713
19740923	-0.013120	-0.007073	0.002480	-0.010265
19740924	-0.014771	-0.018039	-0.007226	-0.020167
19740925	-0.010495	-0.003682	0.004346	-0.006616
19740926	-0.006061	-0.016316	-0.008435	-0.016427
19740927	-0.019055	-0.020732	-0.007744	-0.022871
19740930	-0.011655	-0.023239	-0.016188	-0.021558
19741001	0.007862	-0.002261	-0.004806	-0.002361
19741002	-0.004680	0.001464	0.002978	-0.000158
19741003	-0.010972	-0.016401	-0.008983	-0.017356
19741004	-0.009509	0.001114	0.000167	0.000963
19741007	0.050400	0.037611	0.018698	0.041867
19741008	-0.012947	-0.001088	0.006439	-0.001694
19741009	0.061728	0.042640	0.016847	0.045959
19741010	0.023983	0.029514	0.023159	0.029047
19741011	0.010646	0.019873	0.016357	0.019344
19741014	0.005618	0.022934	0.018116	0.022491
19741015	-0.009777	-0.015934	-0.005263	-0.017872
19741016	-0.000705	-0.013413	-0.003974	-0.015538
19741017	0.016231	0.010779	0.004026	0.011944
19741018	0.023611	0.013884	0.007277	0.015596
19741021	0.044776	0.016583	0.005304	0.016879
19741022	-0.024675	-0.002534	0.002912	-0.005034
19741023	-0.030626	-0.024916	-0.010497	-0.028716
19741024	-0.004121	-0.011928	-0.010459	-0.011404
19741025	-0.022069	-0.000275	0.000176	-0.001424
19741028	0.019746	-0.000749	-0.004605	-0.000428
19741029	0.060858	0.034049	0.008553	0.039093
19741030	0.006519	0.019618	0.007876	0.020321
19741031	-0.020078	-0.002929	0.001565	-0.005517
19741101	0.012558	0.000038	0.001194	-0.000271
19741104	-0.010444	-0.009153	-0.005960	-0.010828
19741105	0.033641	0.025064	0.008333	0.027778
19741106	-0.052967	-0.001118	0.003327	-0.004793
19741107	0.017663	0.007415	0.003857	0.006154
19741108	0.017356	-0.002019	0.003629	-0.003989
19741111	-0.002625	0.003418	0.002712	0.003204
19741112	-0.026316	-0.019253	-0.009664	-0.019694
19741113	-0.001351	-0.004897	-0.005161	-0.004344
19741114	-0.014208	-0.002434	-0.002907	-0.003954
19741115	-0.010295	-0.013109	-0.004140	-0.015740
19741118	-0.035368	-0.034982	-0.022695	-0.036713
19741119	-0.025162	-0.016558	-0.015267	-0.015447
19741120	-0.005900	-0.004192	-0.005367	-0.004399
19741121	0.017804	0.005054	-0.001192	0.004124
19741122	-0.005831	0.010843	0.004675	0.010560
19741125	0.020528	-0.001263	-0.005561	-0.001016
19741126	0.017241	0.008938	0.001171	0.009298
19741127	0.007062	0.006957	0.002539	0.006766
19741129	-0.005610	0.000910	-0.000436	0.000429
19741202	-0.036671	-0.024421	-0.016852	-0.026583
19741203	-0.015373	-0.014551	-0.015668	-0.013801
19741204	0.009665	0.002237	-0.005431	0.003573
19741205	-0.020619	-0.018961	-0.012873	-0.018988
19741206	-0.010526	-0.017154	-0.014869	-0.016936
19741209	0.024316	0.005497	-0.010921	0.009076
19741210	0.020772	0.022672	0.004292	0.025610
19741211	-0.001453	0.006389	0.002593	0.005797
19741212	-0.013100	-0.002837	-0.004729	-0.003251
19741213	-0.013274	-0.005051	-0.004248	-0.005634
19741216	-0.011958	-0.008661	-0.008462	-0.009095
19741217	0.038578	0.013337	-0.003490	0.016852
19741218	-0.009468	0.004909	0.004184	0.004735
19741219	-0.005882	-0.003132	-0.001328	-0.003682
19741220	0.002959	-0.010933	-0.004987	-0.010939
19741223	-0.022124	-0.014125	-0.011297	-0.014198
19741224	0.009804	0.013099	0.006224	0.013948
19741226	-0.014190	0.008784	0.005536	0.008373
19741227	-0.016667	-0.003912	-0.001117	-0.004448
19741230	0.012327	-0.000535	-0.006387	0.000298
19741231	0.022831	0.021875	0.029010	0.020846
19750102	0.005208	0.025240	0.035282	0.024358
19750103	-0.008142	0.008059	0.017326	0.006835
19750106	-0.005224	0.007840	0.020724	0.005091
19750107	-0.005251	0.000437	0.015438	-0.000704
19750108	-0.015083	-0.010596	0.006839	-0.013799
19750109	0.032159	0.016434	0.011259	0.016134
19750110	0.016320	0.021184	0.027405	0.020233
19750113	-0.011679	-0.003292	0.011101	-0.004132
19750114	-0.005908	-0.007660	0.002738	-0.008712
19750115	-0.028232	0.006939	0.006539	0.006417
19750116	-0.016820	0.001562	0.008325	-0.001248
19750117	-0.016330	-0.012088	-0.001102	-0.015128
19750120	0.011858	0.000560	-0.000310	0.001691
19750121	-0.002344	-0.003720	0.002775	-0.005346
19750122	0.024276	0.011075	0.004941	0.014710
19750123	-0.003058	0.005461	0.009943	0.004600
19750124	-0.000767	0.012639	0.013616	0.012627
19750127        0.0000		0.033293	0.027725	0.032749
19750128	0.103607	0.004716	0.016105	0.008757
19750129	0.041725	0.014972	0.015332	0.016178
19750130	-0.023364	-0.010980	0.003323	-0.013590
19750131	0.029392	0.009959	0.011788	0.010104
19750203	0.025232	0.012399	0.015036	0.010912
19750204	-0.006477	-0.003060	-0.001716	-0.002699
19750205	0.042373	0.016428	0.010029	0.017266
19750206	-0.011882	-0.001054	0.006030	-0.004940
19750207	0.008291	-0.000318	-0.001498	0.000891
19750210	0.005060	-0.002860	-0.000730	-0.003434
19750211	0.015104	0.001760	-0.001369	0.002808
19750212	0.042777	0.015512	0.007784	0.017053
19750213	0.024970	0.013534	0.011723	0.013639
19750214	0.021462	0.005419	0.004167	0.006049
19750218	-0.036911	-0.006821	-0.001331	-0.006994
19750219	0.027123	0.005054	0.000880	0.006302
19750220	0.000000	0.009380	0.005253	0.009455
19750221	0.002296	0.004667	0.005306	0.004987
19750224	-0.028637	-0.012446	-0.004697	-0.014282
19750225	-0.021226	-0.022030	-0.014203	-0.023453
19750226	0.021687	0.008497	0.004332	0.010562
19750227	0.001179	0.005101	0.005468	0.004977
19750228	0.015312	0.008502	0.006107	0.010152
19750303	0.020882	0.016929	0.011748	0.017649
19750304	-0.025000	0.006875	0.005615	0.006383
19750305	0.004079	-0.007478	-0.001223	-0.007899
19750306	0.017992	0.008709	0.007114	0.009530
19750307	-0.010262	0.007421	0.010705	0.007289
19750310	0.011521	0.007545	0.011842	0.007711
19750311	-0.018223	-0.004783	0.006492	-0.006945
19750312	-0.011601	-0.008825	-0.002829	-0.009128
19750313	0.018779	0.002737	0.005226	0.001794
19750314	-0.006912	0.013471	0.018124	0.012181
19750317	0.015081	0.014040	0.015137	0.014748
19750318	-0.018286	-0.008657	-0.001510	-0.010231
19750319	-0.001164	-0.008402	-0.004705	-0.009280
19750320	-0.023310	-0.006604	0.000890	-0.008655
19750321	-0.001790	-0.001811	-0.000746	-0.002631
19750324	-0.021518	-0.022471	-0.017242	-0.023624
19750325	0.026268	0.006013	-0.000613	0.007860
19750326	-0.000595	0.017614	0.013630	0.018645
19750327	-0.011316	0.003756	0.005192	0.003110
19750331	-0.004217	-0.005258	-0.000109	-0.005844
19750401	-0.002420	-0.007779	-0.006207	-0.008637
19750402	-0.011522	-0.001893	-0.000498	-0.002541
19750403	-0.028221	-0.010225	-0.002903	-0.011161
19750404	0.000000	-0.005813	-0.002390	-0.007729
19750407	-0.000631	-0.006551	-0.005180	-0.006553
19750408	0.018320	0.006214	0.000327	0.007965
19750409	0.039702	0.020003	0.007883	0.022842
19750410	-0.006563	0.010127	0.006863	0.011226
19750411	-0.015015	0.005914	0.006096	0.004894
19750414	0.021951	0.015667	0.008322	0.016869
19750415	0.000000	0.006944	0.004010	0.008178
19750416	0.015513	0.004216	0.003148	0.003476
19750417	-0.001175	0.007672	0.007670	0.007506
19750418	-0.014706	-0.008819	0.000424	-0.010888
19750421	0.020896	0.010909	0.008009	0.010776
19750422	-0.008772	-0.002391	-0.001211	-0.001605
19750423	-0.018289	-0.010226	-0.005256	-0.011138
19750424	-0.005409	-0.000239	0.000962	-0.000929
19750425	-0.004230	0.007182	0.006144	0.006741
19750428	-0.016990	-0.003480	0.000029	-0.004502
19750429	-0.001235	-0.007264	-0.005966	-0.006842
19750430	0.037701	0.016260	0.003571	0.019383
19750501	-0.002978	0.008524	0.005598	0.009164
19750502	-0.007766	0.012518	0.007088	0.012713
19750505	0.029500	0.009584	0.005955	0.009639
19750506	-0.018713	-0.012183	-0.003985	-0.015986
19750507	0.012515	0.004790	0.004411	0.004964
19750508	-0.005297	0.007323	0.008106	0.005388
19750509	0.022646	0.011380	0.010964	0.010831
19750512	0.006993	0.000438	0.004434	0.000884
19750513	0.034722	0.008047	0.003733	0.010705
19750514	0.000000	0.007529	0.005473	0.007534
19750515	-0.026846	-0.007242	0.001528	-0.009320
19750516	-0.004023	-0.009142	-0.002099	-0.010721
19750519	0.010964	0.000910	0.000119	0.001106
19750520	-0.013699	-0.003699	0.001408	-0.005081
19750521	-0.015046	-0.010796	-0.006528	-0.011214
19750522	0.005875	0.003989	0.003183	0.003705
19750523	0.022780	0.013186	0.008638	0.013312
19750527	-0.012564	-0.000607	0.002245	-0.002650
19750528	-0.012724	-0.006392	-0.001653	-0.006974
19750529	-0.004101	0.000108	0.001622	-0.000334
19750530	0.011765	0.016440	0.014080	0.016392
19750602	0.013953	0.014271	0.011187	0.015688
19750603	0.002294	0.003458	0.004817	0.003348
19750604	-0.008581	-0.001672	0.004323	-0.003122
19750605	0.006347	0.001350	0.003765	0.000972
19750606	-0.020642	-0.000956	0.002924	-0.002266
19750609	-0.007026	-0.012261	-0.003445	-0.013733
19750610	-0.002358	-0.008267	-0.005811	-0.008442
19750611	-0.005910	0.001587	0.001652	0.001216
19750612	-0.008323	-0.004872	-0.002151	-0.005191
19750613	-0.011391	0.005080	0.003395	0.004885
19750616	0.010309	0.009660	0.004100	0.010384
19750617	-0.022809	-0.008070	-0.003367	-0.009622
19750618	0.003686	-0.001577	-0.001035	-0.002098
19750619	0.020196	0.017545	0.008632	0.018033
19750620	-0.009598	0.006787	0.008126	0.006412
19750623	0.032102	0.010410	0.006658	0.010906
19750624	-0.007042	0.006578	0.005640	0.006088
19750625	-0.004728	0.004446	0.005914	0.004565
19750626	-0.005938	0.002300	0.005251	0.002008
19750627	-0.001195	0.000361	0.005055	0.000000
19750630	0.000000	0.004664	0.007526	0.004008
19750701	-0.002392	-0.003705	0.000164	-0.003572
19750702	-0.007794	-0.007675	-0.005013	-0.007064
19750703	-0.001813	0.003485	0.006536	0.001911
19750707	-0.012107	-0.007914	-0.002575	-0.008690
19750708	0.010417	-0.001491	-0.000791	-0.001604
19750709	0.016374	